(1592, 785)
(1736, 906)
(648, 678)
(344, 1517)
(1618, 1188)
(1962, 1663)
(11, 1573)
(1826, 570)
(1328, 321)
(544, 1380)
(144, 1855)
(1534, 151)
(483, 1132)
(288, 1738)
(1875, 1631)
(1265, 1860)
(606, 1895)
(1224, 120)
(1633, 50)
(1829, 1246)
(818, 237)
(561, 1069)
(315, 1175)
(573, 805)
(523, 1213)
(869, 1231)
(49, 647)
(1803, 61)
(600, 23)
(1642, 1010)
(1600, 1935)
(1912, 642)
(1899, 1606)
(1049, 505)
(956, 1455)
(640, 733)
(1512, 34)
(1570, 1287)
(694, 295)
(1564, 709)
(443, 332)
(611, 1847)
(809, 380)
(1019, 1004)
(1930, 110)
(506, 1007)
(477, 693)
(661, 374)
(1698, 1948)
(947, 1262)
(1593, 1117)
(432, 1234)
(473, 430)
(488, 995)
(920, 225)
(628, 1118)
(1099, 236)
(784, 81)
(1638, 630)
(24, 451)
(1179, 839)
(1218, 1343)
(1457, 313)
(736, 278)
(18, 1310)
(1743, 1335)
(1360, 798)
(1488, 291)
(216, 1978)
(603, 1820)
(1553, 793)
(705, 138)
(1195, 294)
(1128, 1562)
(480, 465)
(658, 215)
(876, 1359)
(1201, 1793)
(1644, 1725)
(58, 1141)
(105, 844)
(1907, 1708)
(4, 1933)
(1608, 994)
(425, 1172)
(1683, 1006)
(1856, 1077)
(857, 33)
(224, 1527)
(1666, 199)
(249, 299)
(1762, 5)
(391, 1951)
(457, 1658)
(1601, 716)
(754, 35)
(519, 1471)
(731, 1071)
(305, 1646)
(1266, 1805)
(1678, 447)
(333, 1726)
(1216, 901)
(1578, 1510)
(420, 1852)
(698, 1815)
(418, 787)
(1756, 1269)
(865, 1574)
(637, 1301)
(1178, 484)
(1187, 38)
(1392, 1622)
(416, 1589)
(1480, 538)
(1025, 1306)
(1100, 326)
(1401, 1059)
(743, 1575)
(1760, 1495)
(922, 1061)
(392, 78)
(1451, 340)
(1016, 192)
(1418, 837)
(776, 1370)
(345, 747)
(1648, 1299)
(162, 802)
(1819, 781)
(1616, 1523)
(256, 827)
(1620, 590)
(732, 1183)
(1681, 1323)
(1374, 1599)
(1920, 940)
(800, 689)
(972, 127)
(87, 991)
(671, 535)
(979, 1078)
(1500, 1149)
(450, 1717)
(1804, 1021)
(1802, 813)
(1586, 1863)
(90, 1572)
(644, 261)
(778, 926)
(1163, 359)
(409, 1316)
(728, 916)
(547, 612)
(929, 677)
(1521, 323)
(1368, 1878)
(1410, 1139)
(1781, 1958)
(1925, 1414)
(217, 1887)
(356, 397)
(328, 1885)
(1393, 421)
(1332, 829)
(184, 1481)
(1928, 1092)
(73, 701)
(456, 1158)
(1673, 713)
(744, 222)
(1377, 1227)
(801, 375)
(1176, 1484)
(1048, 243)
(557, 1326)
(80, 1917)
(229, 823)
(220, 1421)
(1897, 286)
(1844, 469)
(1850, 1294)
(682, 1842)
(1680, 437)
(314, 372)
(1154, 269)
(1694, 1046)
(808, 1429)
(19, 622)
(273, 767)
(1208, 725)
(1482, 71)
(1650, 1861)
(904, 103)
(97, 1197)
(1597, 695)
(497, 1433)
(250, 1147)
(1349, 957)
(1096, 938)
(981, 710)
(1047, 1311)
(761, 1106)
(840, 204)
(1665, 201)
(1339, 427)
(360, 106)
(1217, 163)
(308, 581)
(324, 1590)
(40, 1831)
(516, 1284)
(1785, 1029)
(1691, 1916)
(436, 748)
(1180, 510)
(368, 879)
(930, 335)
(0, 1795)
(1749, 1103)
(882, 1261)
(433, 1533)
(1222, 790)
(208, 350)
(1560, 1432)
(643, 198)
(454, 271)
(1848, 1319)
(1704, 1055)
(1035, 820)
(1248, 1440)
(843, 717)
(37, 1398)
(593, 871)
(290, 1062)
(1960, 1151)
(241, 1057)
(1467, 971)
(1872, 1038)
(1625, 133)
(978, 514)
(1041, 463)
(1835, 1901)
(1730, 298)
(564, 911)
(1203, 251)
(817, 435)
(1249, 367)
(1840, 1607)
(1442, 267)
(563, 964)
(864, 385)
(684, 1101)
(1921, 1290)
(1116, 1423)
(1012, 301)
(1400, 1191)
(293, 950)
(859, 1636)
(28, 158)
(1718, 1119)
(1085, 1957)
(400, 533)
(1322, 719)
(1385, 757)
(1507, 1686)
(259, 423)
(812, 1798)
(666, 1982)
(819, 135)
(1627, 955)
(1609, 403)
(1610, 1540)
(1235, 1236)
(1169, 742)
(1764, 1845)
(485, 1687)
(673, 1621)
(1200, 729)
(765, 383)
(1042, 1851)
(1144, 825)
(1664, 1120)
(389, 407)
(1720, 1268)
(43, 1054)
(1626, 92)
(221, 414)
(1532, 1733)
(601, 415)
(1364, 855)
(1173, 1135)
(850, 890)
(1571, 659)
(1538, 482)
(1472, 546)
(1504, 188)
(8, 562)
(1528, 1210)
(396, 1452)
(862, 455)
(357, 975)
(1520, 1462)
(408, 1444)
(75, 1909)
(675, 903)
(806, 807)
(263, 559)
(1408, 1531)
(1338, 173)
(1361, 413)
(319, 1375)
(1536, 176)
(1394, 172)
(1259, 1677)
(338, 1892)
(381, 941)
(107, 302)
(6, 1967)
(280, 1551)
(1506, 1325)
(1155, 1476)
(1337, 195)
(320, 284)
(429, 1094)
(393, 1675)
(1604, 1070)
(1955, 1166)
(1494, 1207)
(296, 1086)
(352, 1237)
(2, 886)
(337, 211)
(1825, 171)
(745, 1735)
(1707, 524)
(1910, 1679)
(1828, 167)
(325, 493)
(1689, 219)
(792, 364)
(1977, 1031)
(849, 669)
(961, 847)
(1584, 700)
(1980, 310)
(1080, 1841)
(1834, 893)
(121, 1773)
(1331, 111)
(53, 1629)
(1304, 1576)
(721, 349)
(610, 1254)
(1282, 255)
(458, 1943)
(1490, 531)
(112, 641)
(1313, 1563)
(1890, 492)
(283, 123)
(1739, 1900)
(336, 1270)
(1390, 471)
(537, 366)
(1789, 845)
(621, 783)
(985, 660)
(1073, 1020)
(48, 76)
(203, 615)
(582, 782)
(1034, 772)
(968, 180)
(1734, 518)
(1667, 1511)
(1797, 1230)
(362, 379)
(1729, 943)
(1937, 316)
(363, 124)
(1434, 918)
(281, 799)
(1595, 445)
(513, 139)
(1353, 36)
(712, 1669)
(168, 104)
(1513, 244)
(233, 1164)
(1168, 1549)
(1130, 1028)
(992, 649)
(530, 475)
(312, 1555)
(1458, 1486)
(1790, 1959)
(595, 1022)
(528, 47)
(377, 1446)
(1314, 62)
(1138, 1526)
(434, 1837)
(674, 766)
(552, 651)
(1827, 467)
(898, 907)
(100, 509)
(1747, 1350)
(1167, 775)
(122, 1741)
(1017, 1327)
(189, 190)
(722, 1346)
(1056, 944)
(1598, 998)
(339, 1437)
(1692, 260)
(442, 1557)
(1811, 724)
(1396, 118)
(1497, 1580)
(1352, 1351)
(1651, 982)
(780, 789)
(306, 851)
(1728, 1858)
(1659, 1660)
(1643, 749)
(1657, 1587)
(1499, 741)
(1632, 1670)
(936, 1796)
(417, 1905)
(1098, 406)
(258, 1979)
(650, 279)
(1904, 1293)
(921, 355)
(1624, 1913)
(1649, 1341)
(1547, 1711)
(1102, 287)
(880, 85)
(1376, 499)
(42, 405)
(672, 1475)
(495, 1415)
(1146, 958)
(108, 1015)
(952, 1529)
(1883, 452)
(1456, 1956)
(1489, 821)
(1548, 718)
(1579, 77)
(200, 1503)
(1209, 1419)
(1170, 39)
(1315, 125)
(786, 1581)
(27, 119)
(371, 1110)
(760, 1300)
(1165, 46)
(739, 1515)
(889, 300)
(604, 814)
(481, 1628)
(1539, 543)
(1043, 605)
(161, 891)
(1156, 253)
(997, 983)
(652, 967)
(500, 166)
(687, 1751)
(1081, 1391)
(235, 1334)
(197, 575)
(1142, 327)
(1372, 542)
(1171, 134)
(1661, 654)
(1003, 141)
(1945, 1087)
(1552, 1412)
(1761, 759)
(1712, 1221)
(20, 1949)
(257, 1358)
(1478, 1719)
(1307, 925)
(726, 534)
(1596, 1189)
(152, 1174)
(1037, 646)
(227, 45)
(738, 1918)
(387, 1724)
(1969, 617)
(1050, 347)
(804, 1774)
(146, 66)
(594, 494)
(1801, 1954)
(136, 1742)
(1388, 95)
(113, 554)
(1329, 1330)
(1089, 711)
(835, 715)
(734, 910)
(636, 1143)
(1152, 242)
(520, 1466)
(1744, 1685)
(1121, 1566)
(131, 351)
(155, 318)
(1893, 1655)
(632, 462)
(72, 948)
(773, 1014)
(289, 1709)
(65, 1565)
(657, 1449)
(9, 191)
(945, 275)
(1891, 1758)
(771, 1965)
(1435, 157)
(521, 887)
(577, 1941)
(1924, 1108)
(1468, 1255)
(1674, 30)
(234, 1477)
(132, 1438)
(448, 1567)
(634, 1703)
(498, 94)
(1389, 1623)
(1569, 31)
(1136, 1559)
(422, 239)
(1074, 1220)
(193, 150)
(160, 727)
(779, 238)
(265, 1347)
(1264, 1317)
(768, 247)
(304, 1186)
(1853, 1214)
(962, 1671)
(1525, 1519)
(354, 1263)
(874, 1558)
(1027, 187)
(954, 1258)
(1281, 341)
(1561, 1051)
(424, 1196)
(1288, 645)
(145, 1125)
(1554, 365)
(17, 567)
(1537, 1215)
(1721, 231)
(529, 342)
(565, 942)
(1378, 395)
(1876, 653)
(1888, 655)
(1137, 1653)
(1122, 478)
(1984, 1544)
(504, 923)
(426, 1934)
(98, 1723)
(1040, 683)
(1754, 26)
(1342, 966)
(101, 398)
(692, 1159)
(905, 1123)
(1939, 309)
(248, 1518)
(1395, 987)
(946, 895)
(986, 1206)
(91, 143)
(1184, 1877)
(1289, 93)
(1697, 1190)
(993, 1501)
(1784, 453)
(1202, 183)
(297, 751)
(1568, 667)
(82, 686)
(378, 181)
(322, 933)
(1428, 126)
(1862, 894)
(1923, 1807)
(1185, 1460)
(1922, 899)
(128, 384)
(1072, 589)
(586, 1509)
(404, 1469)
(1545, 1205)
(884, 556)
(704, 598)
(870, 1942)
(777, 1095)
(1696, 1612)
(1145, 331)
(665, 1253)
(1867, 1750)
(696, 841)
(496, 587)
(1366, 7)
(1459, 863)
(1204, 246)
(1321, 502)
(795, 1228)
(1018, 501)
(1068, 102)
(1083, 1524)
(1233, 1063)
(730, 1931)
(1585, 230)
(140, 12)
(1635, 1619)
(99, 1381)
(1344, 1345)
(1780, 60)
(553, 797)
(1115, 708)
(1973, 1367)
(1974, 1759)
(1251, 699)
(444, 1308)
(1109, 1271)
(580, 540)
(1699, 1493)
(824, 1556)
(74, 579)
(1603, 867)
(1690, 508)
(1763, 1157)
(25, 156)
(1064, 491)
(960, 690)
(1771, 1772)
(928, 292)
(720, 16)
(939, 1134)
(697, 963)
(334, 1814)
(1737, 1788)
(1546, 988)
(796, 438)
(388, 55)
(1066, 1830)
(186, 487)
(1714, 1911)
(746, 446)
(1097, 1198)
(1181, 1695)
(185, 1443)
(1225, 1594)
(1088, 57)
(1946, 1260)
(1944, 1052)
(1384, 1111)
(1448, 1114)
(848, 1226)
(885, 470)
(1474, 358)
(346, 750)
(1753, 676)
(1745, 1746)
(1672, 602)
(194, 1757)
(1886, 702)
(32, 1615)
(924, 1373)
(468, 703)
(1008, 311)
(1577, 1124)
(681, 1652)
(951, 1247)
(1242, 1292)
(832, 881)
(1001, 937)
(1112, 1591)
(1968, 609)
(228, 1535)
(439, 1975)
(1706, 1274)
(680, 213)
(1722, 68)
(752, 656)
(84, 1765)
(1832, 861)
(232, 858)
(1245, 525)
(1026, 459)
(507, 1700)
(202, 1491)
(1880, 361)
(1906, 1182)
(619, 1550)
(1067, 1399)
(1824, 1387)
(210, 1211)
(21, 1461)
(515, 1340)
(1473, 635)
(1964, 854)
(449, 1731)
(574, 343)
(1705, 1030)
(714, 503)
(548, 205)
(1748, 830)
(545, 1219)
(115, 1324)
(1441, 1362)
(1386, 770)
(1950, 1239)
(114, 1755)
(1320, 178)
(1588, 1542)
(1752, 1483)
(130, 159)
(1768, 179)
(1333, 1023)
(1355, 1676)
(370, 149)
(401, 402)
(536, 846)
(664, 1279)
(373, 303)
(1884, 1397)
(1794, 838)
(588, 902)
(353, 1902)
(608, 969)
(52, 86)
(1426, 1583)
(1874, 965)
(1, 22)
(571, 431)
(1267, 116)
(1297, 1298)
(1952, 1787)
(1868, 1150)
(1033, 614)
(1502, 182)
(382, 1983)
(412, 285)
(1409, 1786)
(828, 599)
(592, 1402)
(1212, 1357)
(490, 460)
(584, 1407)
(816, 1277)
(264, 117)
(1113, 597)
(1053, 165)
(1309, 917)
(394, 1404)
(440, 1371)
(1970, 1148)
(973, 550)
(549, 631)
(811, 1445)
(1000, 1470)
(1252, 639)
(1485, 990)
(1065, 1963)
(1770, 723)
(307, 707)
(1809, 803)
(620, 44)
(625, 1947)
(1936, 1420)
(1716, 532)
(1866, 1859)
(1354, 268)
(1363, 1140)
(1241, 1541)
(1032, 330)
(1641, 1777)
(1229, 1823)
(1882, 909)
(153, 932)
(1684, 399)
(511, 1543)
(996, 1630)
(1312, 1857)
(1256, 1953)
(1865, 1243)
(576, 873)
(1514, 927)
(1838, 1662)
(1821, 517)
(1427, 788)
(1024, 663)
(1938, 1767)
(970, 274)
(476, 1060)
(737, 826)
(1505, 51)
(1082, 1782)
(1926, 1127)
(1871, 1039)
(1617, 1522)
(1162, 1634)
(466, 866)
(1244, 541)
(209, 1637)
(170, 486)
(1305, 618)
(626, 1013)
(758, 1806)
(1492, 1783)
(769, 1425)
(900, 1908)
(977, 282)
(419, 1702)
(464, 1463)
(877, 878)
(1582, 1286)
(1870, 679)
(616, 1740)
(1365, 1199)
(856, 10)
(1682, 1382)
(1727, 1295)
(1498, 1045)
(833, 1854)
(41, 206)
(240, 1318)
(984, 1516)
(1881, 953)
(1250, 1715)
(489, 756)
(578, 1084)
(89, 1283)
(54, 270)
(1972, 662)
(1894, 999)
(1896, 691)
(860, 1813)
(868, 276)
(1454, 1639)
(1416, 63)
(1976, 1873)
(56, 706)
(67, 892)
(1688, 1833)
(69, 1966)
(1864, 329)
(568, 1668)
(914, 755)
(169, 1406)
(96, 1849)
(624, 1303)
(1291, 989)
(1464, 386)
(555, 148)
(810, 774)
(897, 931)
(1889, 13)
(1710, 1439)
(1107, 670)
(912, 147)
(1005, 1278)
(1817, 1431)
(853, 79)
(1379, 1348)
(177, 1791)
(1273, 949)
(88, 1701)
(212, 348)
(1009, 1257)
(522, 254)
(1002, 1645)
(872, 623)
(1508, 959)
(1161, 735)
(1272, 822)
(913, 633)
(266, 1487)
(1929, 1766)
(1816, 1093)
(764, 1453)
(1417, 175)
(1403, 277)
(1808, 1238)
(1240, 390)
(1129, 791)
(272, 1903)
(1898, 875)
(1822, 1383)
(560, 1961)
(762, 1919)
(539, 935)
(1336, 196)
(888, 1915)
(1369, 629)
(1075, 1076)
(1413, 815)
(753, 369)
(685, 262)
(1602, 1654)
(627, 428)
(794, 834)
(214, 1799)
(1640, 1775)
(572, 1126)
(1160, 1812)
(1836, 1430)
(1465, 1276)
(583, 479)
(1192, 1090)
(976, 154)
(218, 1778)
(1713, 29)
(1792, 1104)
(896, 1613)
(842, 83)
(1036, 223)
(585, 1846)
(226, 763)
(974, 638)
(688, 1611)
(1153, 70)
(1285, 1839)
(1800, 317)
(569, 836)
(1232, 1940)
(1914, 1879)
(474, 1605)
(1105, 852)
(1011, 934)
(1869, 919)
(512, 1479)
(1818, 1133)
(668, 15)
(908, 1079)
(1091, 1927)
(1194, 1302)
(129, 551)
(1693, 1614)
(915, 566)
(1275, 207)
(1656, 1058)
(1496, 1356)
(1280, 142)
(64, 1971)
(376, 526)
(883, 613)
(1450, 980)
(410, 411)
(3, 1732)
(1193, 1422)
(245, 591)
(472, 252)
(1296, 1843)
(174, 1223)
(461, 1405)
(1779, 109)
(137, 527)
(164, 1447)
(1044, 14)
